Task           1
Type           Launch
State of parking orbit
7305.000000000000000 7278.000000000000000 0.000000000000000 0.593411945678072 5.281476740929234 3.838785544846738 1.984978180076858 100.000000000000000 
From SubTask   1
To ConsIndex   1
State of satellite at leaving epoch
7305.522081634001600 5389.739857797127100 2718.545835891119200 4065.648386596173600 -3.443725120388397 6.547791881460888 0.187008347680533 100.000000000000000
Impulse
7305.522081634001600 5389.739857797127100 2718.545835891119200 4065.648386596173600 -3.443725120388397 6.547791881460888 0.187008347680533 -0.191362385591239 0.111848068643067 -0.006570959976816 92.739678934156686
Coast
7305.522081634001600 5389.739857797127100 2718.545835891119200 4065.648386596173600 -3.635087505979636 6.659639950103955 0.180437387703717 92.739678934156686
7305.572144256440000 -837.084556037403330 -7365.278663457977000 -3005.601270296167100 6.027604903180039 -1.649641407775699 2.947783966758630 92.739678934156686
Impulse
7305.572144256440000 -837.084556037403330 -7365.278663457977000 -3005.601270296167100 6.027604903180039 -1.649641407775699 2.947783966758630 0.113248900073288 -0.241272094656007 -0.024345292056413 84.675366839936743
Injection
7305.572144256440000 -837.084556037403330 -7365.278663457977000 -3005.601270296167100 6.140853803253328 -1.890913502431706 2.923438674702217 84.675366839936743
From SubTask   2
To ConsIndex   2
State of satellite at leaving epoch
7305.064366228849400 -2641.099684676796200 -5759.651357249039400 -3580.543631704469600 5.942393895702607 -3.947864014318619 1.967261513522253 100.000000000000000
Impulse
7305.064366228849400 -2641.099684676796200 -5759.651357249039400 -3580.543631704469600 5.942393895702607 -3.947864014318619 1.967261513522253 0.128736665120424 -0.151476627514136 -0.003751519375767 93.465057229145913
Coast
7305.064366228849400 -2641.099684676796200 -5759.651357249039400 -3580.543631704469600 6.071130560823032 -4.099340641832755 1.963509994146486 93.465057229145913
7305.107277048082300 998.877558178246430 7269.776042950932600 3183.438274799139400 -6.044175334783986 1.856645626241708 -2.770128455717483 93.465057229145913
Impulse
7305.107277048082300 998.877558178246430 7269.776042950932600 3183.438274799139400 -6.044175334783986 1.856645626241708 -2.770128455717483 -0.112014369477208 0.203500322035012 -0.002823038323036 86.368626497697008
Injection
7305.107277048082300 998.877558178246430 7269.776042950932600 3183.438274799139400 -6.156189704261194 2.060145948276720 -2.772951494040518 86.368626497697008
From SubTask   3
To ConsIndex   3
State of satellite at leaving epoch
7305.135884260904300 -2598.456781067504400 -5795.566560147500200 -3553.690279670468500 5.953396092796340 -3.905978436617600 2.016978126995185 100.000000000000000
Impulse
7305.135884260904300 -2598.456781067504400 -5795.566560147500200 -3553.690279670468500 5.953396092796340 -3.905978436617600 2.016978126995185 0.170601879480798 -0.055070137257299 0.036606831656936 93.970219345285585
Coast
7305.135884260904300 -2598.456781067504400 -5795.566560147500200 -3553.690279670468500 6.123997972277138 -3.961048573874898 2.053584958652121 93.970219345285585
7305.178795080137200 490.327073490094560 7426.517935886939100 2930.544326452649800 -6.068167492129485 1.466973294236033 -2.927798156048407 93.970219345285585
Impulse
7305.178795080137200 490.327073490094560 7426.517935886939100 2930.544326452649800 -6.068167492129485 1.466973294236033 -2.927798156048407 -0.130467108472830 0.119076069277080 -0.054400612657243 88.248347579182010
Injection
7305.178795080137200 490.327073490094560 7426.517935886939100 2930.544326452649800 -6.198634600602315 1.586049363513112 -2.982198768705650 88.248347579182010